label,borough,total_housing_units,occupied_housing_units,vacant_housing_units,1_room_units,2_room_units,3_room_units,4_room_units,5_room_units,6_room_units,7_room_units,8_room_units,9_room_units,unit_median_rooms,unit_no_bedrooms,unit_1_bedrooms,unit_2_bedrooms,unit_3_bedrooms,unit_4_bedrooms,unit_5+_bedrooms,owner_occupied_units,renter_occupied_units,occupants_per_room_<=1,occupants_per_room_1-1.5,occupants_per_room_>=1.5,owned_median_value,rent_median_value,year
Estimate,BRONX,552421.0,533004.0,19417.0,41219.0,26963.0,146200.0,157613.0,105460.0,38827.0,14312.0,9560.0,12267.0,3.9,47126.0,172840.0,187034.0,118019.0,19330.0,8072.0,104431.0,428573.0,466688.0,34715.0,31601.0,465000.0,1313.0,2021.0
Estimate,BROOKLYN,1085993.0,1001868.0,84125.0,72187.0,86381.0,255228.0,290858.0,185074.0,87505.0,39468.0,26156.0,43136.0,3.9,81239.0,297958.0,372328.0,242687.0,64302.0,27479.0,303368.0,698500.0,897263.0,57711.0,46894.0,793300.0,1628.0,2021.0
Estimate,MANHATTAN,916609.0,737575.0,179034.0,114310.0,122583.0,257394.0,220249.0,111670.0,48894.0,17146.0,12048.0,12315.0,3.4,139033.0,351731.0,279617.0,112650.0,27708.0,5870.0,184279.0,553296.0,703553.0,16501.0,17521.0,940900.0,1866.0,2021.0
Estimate,QUEENS,902754.0,820686.0,82068.0,53573.0,51206.0,190825.0,212947.0,159559.0,118388.0,49196.0,30550.0,36510.0,4.2,62716.0,228720.0,281955.0,247610.0,57648.0,24105.0,374621.0,446065.0,737482.0,49332.0,33872.0,642000.0,1717.0,2021.0
Estimate,STATEN ISLAND,184154.0,170762.0,13392.0,5897.0,4178.0,21285.0,23682.0,35537.0,45027.0,19546.0,13846.0,15156.0,5.5,6128.0,26198.0,38148.0,83619.0,22695.0,7366.0,119237.0,51525.0,161096.0,6259.0,3407.0,605500.0,1442.0,2021.0
Estimate,BRONX,552421.0,533004.0,19417.0,41219.0,26963.0,146200.0,157613.0,105460.0,38827.0,14312.0,9560.0,12267.0,3.9,47126.0,172840.0,187034.0,118019.0,19330.0,8072.0,104431.0,428573.0,466688.0,34715.0,31601.0,465000.0,1313.0,2020.0
Estimate,BROOKLYN,1085993.0,1001868.0,84125.0,72187.0,86381.0,255228.0,290858.0,185074.0,87505.0,39468.0,26156.0,43136.0,3.9,81239.0,297958.0,372328.0,242687.0,64302.0,27479.0,303368.0,698500.0,897263.0,57711.0,46894.0,793300.0,1628.0,2020.0
Estimate,MANHATTAN,916609.0,737575.0,179034.0,114310.0,122583.0,257394.0,220249.0,111670.0,48894.0,17146.0,12048.0,12315.0,3.4,139033.0,351731.0,279617.0,112650.0,27708.0,5870.0,184279.0,553296.0,703553.0,16501.0,17521.0,940900.0,1866.0,2020.0
Estimate,QUEENS,902754.0,820686.0,82068.0,53573.0,51206.0,190825.0,212947.0,159559.0,118388.0,49196.0,30550.0,36510.0,4.2,62716.0,228720.0,281955.0,247610.0,57648.0,24105.0,374621.0,446065.0,737482.0,49332.0,33872.0,642000.0,1717.0,2020.0
Estimate,STATEN ISLAND,184154.0,170762.0,13392.0,5897.0,4178.0,21285.0,23682.0,35537.0,45027.0,19546.0,13846.0,15156.0,5.5,6128.0,26198.0,38148.0,83619.0,22695.0,7366.0,119237.0,51525.0,161096.0,6259.0,3407.0,605500.0,1442.0,2020.0
Estimate,BRONX,537197.0,513890.0,23307.0,39545.0,21332.0,155646.0,157948.0,97803.0,34749.0,11538.0,6710.0,11926.0,3.8,43715.0,172786.0,181774.0,109861.0,19127.0,9934.0,96969.0,416921.0,453695.0,36042.0,24153.0,466900.0,1231.0,2019.0
Estimate,BROOKLYN,1065363.0,978091.0,87272.0,58238.0,64621.0,257419.0,308282.0,172845.0,92144.0,38295.0,26994.0,46525.0,4.0,66486.0,280988.0,374168.0,238422.0,69502.0,35797.0,291015.0,687076.0,880241.0,63989.0,33861.0,793600.0,1483.0,2019.0
Estimate,MANHATTAN,892930.0,768203.0,124727.0,111312.0,123558.0,268336.0,207621.0,101843.0,40472.0,15167.0,9573.0,15048.0,3.3,136146.0,343189.0,272090.0,106582.0,26606.0,8317.0,179243.0,588960.0,727372.0,17374.0,23457.0,1128300.0,1753.0,2019.0
Estimate,QUEENS,869346.0,784552.0,84794.0,47874.0,41638.0,177650.0,213684.0,151692.0,127181.0,46652.0,28242.0,34733.0,4.3,54457.0,214661.0,276961.0,242992.0,57605.0,22670.0,346290.0,438262.0,712448.0,45269.0,26835.0,620100.0,1641.0,2019.0
Estimate,STATEN ISLAND,181765.0,166297.0,15468.0,4976.0,5152.0,20272.0,26309.0,30292.0,44665.0,22625.0,10471.0,17003.0,5.6,5142.0,24524.0,40959.0,79957.0,25031.0,6152.0,109302.0,56995.0,158905.0,4067.0,3325.0,586500.0,1299.0,2019.0
Estimate,BRONX,532509.0,507370.0,25139.0,39961.0,20304.0,148917.0,159861.0,91825.0,41168.0,11769.0,6522.0,12182.0,3.9,43859.0,172174.0,178655.0,108295.0,19726.0,9800.0,93671.0,413699.0,443919.0,38612.0,24839.0,436100.0,1188.0,2018.0
Estimate,BROOKLYN,1053667.0,969317.0,84350.0,55239.0,65431.0,256072.0,297005.0,178695.0,90404.0,37975.0,28925.0,43921.0,4.0,62779.0,291678.0,363057.0,233895.0,66983.0,35275.0,296235.0,673082.0,877595.0,57106.0,34616.0,759400.0,1433.0,2018.0
Estimate,MANHATTAN,886282.0,752258.0,134024.0,116677.0,120195.0,254734.0,207992.0,102662.0,47323.0,18043.0,8141.0,10515.0,3.3,142870.0,337998.0,257554.0,114497.0,26643.0,6720.0,180208.0,572050.0,706349.0,22674.0,23235.0,1013400.0,1746.0,2018.0
Estimate,QUEENS,865809.0,788110.0,77699.0,54893.0,36641.0,180917.0,207532.0,154368.0,120042.0,47003.0,28835.0,35578.0,4.3,62535.0,206950.0,281847.0,233079.0,56954.0,24444.0,356970.0,431140.0,708913.0,48737.0,30460.0,577400.0,1588.0,2018.0
Estimate,STATEN ISLAND,181186.0,167441.0,13745.0,3810.0,5464.0,22321.0,25265.0,29297.0,44711.0,22146.0,12110.0,16062.0,5.6,4336.0,27510.0,38899.0,82002.0,21698.0,6741.0,115872.0,51569.0,159088.0,6024.0,2329.0,556000.0,1291.0,2018.0
Estimate,BRONX,528851.0,503985.0,24866.0,30955.0,17108.0,146715.0,166024.0,97200.0,40800.0,12618.0,7032.0,10399.0,3.9,33798.0,168090.0,182240.0,117595.0,19980.0,7148.0,96497.0,407488.0,440076.0,38991.0,24918.0,400300.0,1171.0,2017.0
Estimate,BROOKLYN,1044287.0,956223.0,88064.0,58381.0,59993.0,245543.0,301807.0,183293.0,87584.0,37346.0,26084.0,44256.0,4.0,65571.0,280025.0,364725.0,234154.0,67789.0,32023.0,290792.0,665431.0,864554.0,56410.0,35259.0,701800.0,1367.0,2017.0
Estimate,MANHATTAN,886384.0,764218.0,122166.0,110418.0,107334.0,257096.0,217547.0,107158.0,45608.0,16122.0,11415.0,13686.0,3.4,133821.0,331653.0,281369.0,105126.0,25877.0,8538.0,188435.0,575783.0,715134.0,24225.0,24859.0,976100.0,1601.0,2017.0
Estimate,QUEENS,857250.0,769258.0,87992.0,47733.0,33563.0,191744.0,196546.0,150154.0,126817.0,51255.0,26674.0,32764.0,4.3,53478.0,220934.0,267725.0,239227.0,55804.0,20082.0,340570.0,428688.0,699103.0,44108.0,26047.0,545800.0,1500.0,2017.0
Estimate,STATEN ISLAND,180572.0,165990.0,14582.0,4523.0,4272.0,21432.0,22700.0,29064.0,43498.0,23283.0,14699.0,17101.0,5.7,4931.0,25762.0,36593.0,81084.0,25096.0,7106.0,115499.0,50491.0,158649.0,4900.0,2441.0,501300.0,1286.0,2017.0
Estimate,BRONX,525788.0,498539.0,27249.0,33370.0,17021.0,145831.0,169519.0,94853.0,35970.0,12252.0,7018.0,9954.0,3.9,37118.0,166542.0,186114.0,110211.0,18930.0,6873.0,96282.0,402257.0,432020.0,38077.0,28442.0,378000.0,1130.0,2016.0
Estimate,BROOKLYN,1031125.0,941871.0,89254.0,58185.0,49269.0,240581.0,295589.0,190514.0,89506.0,36833.0,24889.0,45759.0,4.1,64633.0,280501.0,355922.0,237137.0,58639.0,34293.0,277746.0,664125.0,841761.0,62879.0,37231.0,667000.0,1343.0,2016.0
Estimate,MANHATTAN,875990.0,748293.0,127697.0,114731.0,99180.0,263852.0,213091.0,103388.0,42351.0,19200.0,7021.0,13176.0,3.3,135796.0,341898.0,262143.0,107771.0,22061.0,6321.0,172324.0,575969.0,701387.0,25699.0,21207.0,1003400.0,1661.0,2016.0
Estimate,QUEENS,851576.0,761819.0,89757.0,46872.0,31929.0,184711.0,209484.0,152796.0,119537.0,45938.0,25898.0,34411.0,4.3,51370.0,220861.0,269185.0,235032.0,53487.0,21641.0,335984.0,425835.0,691657.0,44987.0,25175.0,508000.0,1452.0,2016.0
Estimate,STATEN ISLAND,179391.0,164289.0,15102.0,4332.0,3503.0,20745.0,22038.0,31288.0,42904.0,25585.0,12634.0,16362.0,5.7,4573.0,25814.0,36050.0,80371.0,24003.0,8580.0,115862.0,48427.0,157236.0,5087.0,1966.0,477100.0,1245.0,2016.0
Estimate,BRONX,523735.0,495513.0,28222.0,33520.0,16822.0,149787.0,159862.0,100636.0,36310.0,11247.0,6084.0,9467.0,3.9,36846.0,174677.0,174010.0,112011.0,17993.0,8198.0,92845.0,402668.0,429832.0,39563.0,26118.0,368500.0,1107.0,2015.0
Estimate,BROOKLYN,1025815.0,940176.0,85639.0,59187.0,53913.0,248163.0,300561.0,173089.0,90156.0,39047.0,22436.0,39263.0,4.0,65822.0,283621.0,360899.0,228220.0,57057.0,30196.0,270013.0,670163.0,834088.0,66960.0,39128.0,638500.0,1283.0,2015.0
Estimate,MANHATTAN,869890.0,751244.0,118646.0,124101.0,102226.0,258764.0,198422.0,101835.0,42628.0,18142.0,7937.0,15835.0,3.3,146448.0,345153.0,249060.0,98469.0,23168.0,7592.0,176869.0,574375.0,709237.0,17227.0,24780.0,867600.0,1611.0,2015.0
Estimate,QUEENS,849552.0,774752.0,74800.0,39604.0,31329.0,185952.0,215656.0,159089.0,108524.0,47944.0,28645.0,32809.0,4.3,45835.0,218190.0,276593.0,229582.0,58164.0,21188.0,334859.0,439893.0,699254.0,49362.0,26136.0,487400.0,1434.0,2015.0
Estimate,STATEN ISLAND,178986.0,167462.0,11524.0,3198.0,2703.0,21530.0,24712.0,34855.0,41267.0,22192.0,12934.0,15595.0,5.6,3720.0,26697.0,36742.0,80677.0,24969.0,6181.0,115316.0,52146.0,160808.0,5042.0,1612.0,457700.0,1208.0,2015.0
Estimate,BRONX,522161.0,492481.0,29680.0,25493.0,13669.0,143050.0,164952.0,110871.0,36278.0,12317.0,6071.0,9460.0,4.0,27499.0,180309.0,177338.0,110535.0,18419.0,8061.0,89396.0,403085.0,436721.0,35466.0,20294.0,359100.0,1077.0,2014.0
Estimate,BROOKLYN,1022569.0,942402.0,80167.0,59066.0,52336.0,249561.0,293719.0,175126.0,94277.0,34277.0,22762.0,41445.0,4.0,64078.0,298359.0,353097.0,221312.0,53216.0,32507.0,268400.0,674002.0,840386.0,64163.0,37853.0,574800.0,1246.0,2014.0
Estimate,MANHATTAN,867643.0,762228.0,105415.0,99637.0,104535.0,268634.0,211235.0,111610.0,36625.0,15630.0,7025.0,12712.0,3.4,121027.0,354923.0,257988.0,103957.0,19977.0,9771.0,172744.0,589484.0,722661.0,23023.0,16544.0,888500.0,1531.0,2014.0
Estimate,QUEENS,847773.0,785985.0,61788.0,31211.0,33705.0,183783.0,221351.0,164286.0,108822.0,46264.0,27591.0,30760.0,4.3,36913.0,224631.0,282012.0,227906.0,54546.0,21765.0,338516.0,447469.0,711273.0,49642.0,25070.0,447300.0,1386.0,2014.0
Estimate,STATEN ISLAND,178596.0,164971.0,13625.0,4686.0,3817.0,21783.0,21853.0,38399.0,40659.0,19996.0,11754.0,15649.0,5.5,5008.0,27315.0,36580.0,83136.0,21094.0,5463.0,112509.0,52462.0,157490.0,5506.0,1975.0,441000.0,1149.0,2014.0
Estimate,BRONX,516474.0,481143.0,35331.0,40538.0,16496.0,136455.0,154007.0,101739.0,37472.0,13585.0,7256.0,8926.0,3.9,42753.0,166653.0,171843.0,107952.0,20045.0,7228.0,89153.0,391990.0,422594.0,30757.0,27792.0,369400.0,1056.0,2013.0
Estimate,BROOKLYN,1006081.0,925489.0,80592.0,51674.0,49342.0,244510.0,283306.0,183362.0,94932.0,38076.0,23000.0,37879.0,4.1,56819.0,287876.0,347686.0,227484.0,55027.0,31189.0,274241.0,651248.0,831927.0,61886.0,31676.0,557000.0,1192.0,2013.0
Estimate,MANHATTAN,852642.0,726357.0,126285.0,103279.0,118875.0,268160.0,194686.0,94486.0,39095.0,16366.0,8566.0,9129.0,3.3,128078.0,360429.0,242707.0,95406.0,18768.0,7254.0,167447.0,558910.0,687328.0,20846.0,18183.0,848600.0,1490.0,2013.0
Estimate,QUEENS,841254.0,784243.0,57011.0,32136.0,37183.0,174061.0,205249.0,168819.0,116950.0,46882.0,25237.0,34737.0,4.4,38156.0,219584.0,275957.0,233783.0,53207.0,20567.0,344236.0,440007.0,706876.0,52006.0,25361.0,439500.0,1333.0,2013.0
Estimate,STATEN ISLAND,178035.0,167629.0,10406.0,3303.0,4244.0,21523.0,26505.0,31241.0,39624.0,22411.0,12557.0,16627.0,5.6,3584.0,28580.0,36973.0,79708.0,22351.0,6839.0,113017.0,54612.0,162496.0,3038.0,2095.0,432600.0,1161.0,2013.0
Estimate,BRONX,514051.0,475978.0,38073.0,30392.0,15125.0,139587.0,160094.0,101678.0,37809.0,13181.0,6941.0,9244.0,3.9,32864.0,166715.0,176055.0,113014.0,16959.0,8444.0,91116.0,384862.0,418828.0,36922.0,20228.0,357700.0,1019.0,2012.0
Estimate,BROOKLYN,1003114.0,919333.0,83781.0,58675.0,47225.0,247283.0,290006.0,174261.0,89780.0,35391.0,21621.0,38872.0,4.0,63255.0,288603.0,343196.0,221378.0,56079.0,30603.0,273302.0,646031.0,819127.0,65181.0,35025.0,537500.0,1151.0,2012.0
Estimate,MANHATTAN,850490.0,746686.0,103804.0,99334.0,103102.0,285254.0,193722.0,96408.0,41493.0,15017.0,6825.0,9335.0,3.3,122256.0,366746.0,244487.0,92688.0,18517.0,5796.0,164659.0,582027.0,708957.0,20816.0,16913.0,742700.0,1450.0,2012.0
Estimate,QUEENS,840147.0,780349.0,59798.0,32942.0,34820.0,172736.0,199799.0,174869.0,111414.0,50986.0,27809.0,34772.0,4.4,38150.0,214528.0,276841.0,230766.0,53942.0,25920.0,340026.0,440323.0,708303.0,48134.0,23912.0,439400.0,1305.0,2012.0
Estimate,STATEN ISLAND,177479.0,163468.0,14011.0,5041.0,3303.0,19977.0,25320.0,31468.0,40722.0,25056.0,12542.0,14050.0,5.6,5476.0,26403.0,37137.0,78229.0,23815.0,6419.0,110022.0,53446.0,158061.0,3353.0,2054.0,434000.0,1115.0,2012.0
Estimate,BRONX,512320.0,467138.0,45182.0,28694.0,14613.0,147580.0,153517.0,100372.0,37635.0,12025.0,7042.0,10842.0,3.9,30936.0,169592.0,173003.0,112477.0,17238.0,9074.0,88816.0,378322.0,410513.0,37190.0,19435.0,372100.0,1012.0,2011.0
Estimate,BROOKLYN,1001296.0,901062.0,100234.0,55632.0,51705.0,252147.0,283398.0,168516.0,90974.0,36724.0,21108.0,41092.0,4.0,60986.0,296508.0,343124.0,215549.0,54436.0,30693.0,258193.0,642869.0,806487.0,58681.0,35894.0,563200.0,1113.0,2011.0
Estimate,MANHATTAN,846177.0,728520.0,117657.0,96989.0,109009.0,260129.0,202038.0,105320.0,38227.0,14504.0,7240.0,12721.0,3.3,117520.0,342559.0,259078.0,98091.0,21619.0,7310.0,159713.0,568807.0,686897.0,24277.0,17346.0,856700.0,1403.0,2011.0
Estimate,QUEENS,832195.0,764825.0,67370.0,31672.0,33297.0,168681.0,204414.0,165069.0,114301.0,48148.0,26763.0,39850.0,4.4,36170.0,215467.0,271435.0,227797.0,54912.0,26414.0,328495.0,436330.0,693611.0,45371.0,25843.0,440700.0,1276.0,2011.0
Estimate,STATEN ISLAND,176821.0,161785.0,15036.0,4028.0,3108.0,20170.0,24237.0,32543.0,37122.0,26399.0,12658.0,16556.0,5.6,4417.0,26767.0,38798.0,77485.0,21831.0,7523.0,111548.0,50237.0,155510.0,4212.0,2063.0,441000.0,1112.0,2011.0
Estimate,BRONX,512024.0,471912.0,40112.0,24251.0,14502.0,155923.0,152272.0,96979.0,38867.0,11336.0,6896.0,10998.0,3.9,25738.0,174615.0,174098.0,109767.0,18088.0,9718.0,88493.0,383419.0,413758.0,37160.0,20994.0,388900.0,974.0,2010.0
Estimate,BROOKLYN,1000000.0,905317.0,94683.0,50285.0,44652.0,242503.0,280610.0,180657.0,95177.0,40762.0,23844.0,41510.0,4.1,54447.0,286251.0,349044.0,220486.0,55736.0,34036.0,273500.0,631817.0,805170.0,66843.0,33304.0,566700.0,1079.0,2010.0
Estimate,MANHATTAN,846962.0,726090.0,120872.0,101223.0,111830.0,259565.0,215744.0,85654.0,38519.0,15396.0,7109.0,11922.0,3.3,124652.0,343275.0,260903.0,88882.0,22131.0,7119.0,161647.0,564443.0,683146.0,23307.0,19637.0,825900.0,1305.0,2010.0
Estimate,QUEENS,834965.0,772332.0,62633.0,32996.0,30863.0,168537.0,188746.0,176340.0,113793.0,51049.0,31389.0,41252.0,4.5,37893.0,221698.0,262183.0,226353.0,58618.0,28220.0,338609.0,433723.0,703798.0,44723.0,23811.0,464800.0,1242.0,2010.0
Estimate,STATEN ISLAND,176696.0,163816.0,12880.0,3145.0,1881.0,20330.0,25117.0,33485.0,39302.0,24447.0,12874.0,16115.0,5.6,3407.0,22242.0,39111.0,81309.0,23347.0,7280.0,114045.0,49771.0,157232.0,5186.0,1398.0,452300.0,1141.0,2010.0
